,price,h2_demand_kWh,h2_produced_kWh,h2_to_storage_kWh,h2_in_storage_kWh
0,90,3993.548173,5341.1463,1347.5981,1347.5981
1,70,3910.722793,5410.7228,1500.0,2847.5981
2,70,3977.388817,5477.3888,1500.0,4347.5981
3,70,3916.786029,5416.786,1500.0,5847.5981
4,70,3972.113237,5472.1132,1500.0,7347.5981
5,70,3882.783413,5382.7834,1500.0,8847.5981
6,70,3964.397233,5464.3972,1500.0,10347.5981
7,70,3879.3952,5379.3952,1500.0,11847.5981
8,80,3954.489436,5454.4894,1500.0,13347.5981
9,90,3898.473052,5398.4731,1500.0,14847.5981
10,150,3958.009029,4200.0,241.99097,15089.58907
11,220,3905.789834,0.0,-3905.7898,11183.79927
12,200,3913.342214,0.0,-3913.3422,7270.4570699999995
13,150,3923.277056,4200.0,276.72294,7547.180009999999
14,150,3906.747019,4200.0,293.25298,7840.432989999999
15,160,3934.768705,0.0,-3934.7687,3905.6642899999993
16,170,3905.664271,0.0,-3905.6643,-1.0000000656873453e-05
17,90,3922.538028,4200.0,277.46197,277.46195999999935
18,70,3905.281106,5405.2811,1500.0,1777.4619599999994
19,60,3885.586574,5385.5866,1500.0,3277.4619599999996
20,50,3790.575206,5290.5752,1500.0,4777.46196
21,50,3971.530164,5471.5302,1500.0,6277.46196
22,50,3870.597447,5370.5974,1500.0,7777.46196
23,50,3934.624138,5434.6241,1500.0,9277.46196
24,20,3877.822098,5377.8221,1500.0,10777.46196
25,20,3924.027514,5424.0275,1500.0,12277.46196
26,20,3897.508784,5397.5088,1500.0,13777.46196
27,20,3931.699567,5431.6996,1500.0,15277.46196
28,20,3900.663172,5400.6632,1500.0,16777.46196
29,20,3900.591609,5400.5916,1500.0,18277.46196
30,20,3911.063047,5411.063,1500.0,19777.46196
31,20,3897.82884,5397.8288,1500.0,21277.46196
32,20,3931.780363,5431.7804,1500.0,22777.46196
33,20,3870.30963,5370.3096,1500.0,24277.46196
34,20,3899.93304,5399.933,1500.0,25777.46196
35,20,3894.831516,5394.8315,1500.0,27277.46196
36,60,3854.701175,5354.7012,1500.0,28777.46196
37,80,3915.477153,0.0,-3915.4772,24861.98476
38,200,3870.018934,0.0,-3870.0189,20991.96586
39,200,3907.310863,0.0,-3907.3109,17084.65496
40,100,3884.666919,0.0,-3884.6669,13199.98806
41,80,3897.776334,0.0,-3897.7763,9302.21176
42,70,3868.605802,5368.6058,1500.0,10802.21176
43,70,3899.170432,5096.9587,1197.7882,11999.999960000001
44,70,3886.247293,5386.2473,1500.0,13499.999960000001
45,70,3916.713631,5416.7136,1500.0,14999.999960000001
46,70,3856.989551,5356.9896,1500.0,16499.99996
47,70,3925.83251,5425.8325,1500.0,17999.99996
48,70,3895.506832,5395.5068,1500.0,19499.99996
49,70,3872.00085,5372.0008,1500.0,20999.99996
50,70,3919.698849,5419.6988,1500.0,22499.99996
51,70,3858.037325,5358.0373,1500.0,23999.99996
52,70,3906.896376,5406.8964,1500.0,25499.99996
53,70,3882.980555,5382.9806,1500.0,26999.99996
54,70,3882.994127,5382.9941,1500.0,28499.99996
55,70,3869.66719,5369.6672,1500.0,29999.99996
56,80,3890.744152,0.0,-3890.7442,26109.25576
57,90,3850.571524,4820.6074,970.03593,27079.29169
58,150,3903.132352,0.0,-3903.1324,23176.15929
59,220,3856.595231,0.0,-3856.5952,19319.56409
60,200,3879.994144,0.0,-3879.9941,15439.56999
61,150,3858.794297,0.0,-3858.7943,11580.77569
62,150,3841.646779,0.0,-3841.6468,7739.12889
63,160,3858.151604,0.0,-3858.1516,3880.97729
64,170,3880.977367,0.0,-3880.9774,-0.00011000000040439772
65,90,3902.915671,4200.0,297.08433,297.0842199999996
66,70,3913.650353,5413.6504,1500.0,1797.0842199999997
67,60,3904.406417,5404.4064,1500.0,3297.0842199999997
68,50,3917.100009,5417.1,1500.0,4797.08422
69,50,3839.370885,5339.3709,1500.0,6297.08422
